XVG file paths:
/Users/mrshirts/work/papers/SCALEMS/example_anthracene/scalems_optimizedg/anthracene/dhdls/at000.xvg
/Users/mrshirts/work/papers/SCALEMS/example_anthracene/scalems_optimizedg/anthracene/dhdls/at010.xvg
/Users/mrshirts/work/papers/SCALEMS/example_anthracene/scalems_optimizedg/anthracene/dhdls/at100.xvg
/Users/mrshirts/work/papers/SCALEMS/example_anthracene/scalems_optimizedg/anthracene/dhdls/at060.xvg
/Users/mrshirts/work/papers/SCALEMS/example_anthracene/scalems_optimizedg/anthracene/dhdls/at070.xvg
/Users/mrshirts/work/papers/SCALEMS/example_anthracene/scalems_optimizedg/anthracene/dhdls/at040.xvg
/Users/mrshirts/work/papers/SCALEMS/example_anthracene/scalems_optimizedg/anthracene/dhdls/at080.xvg
/Users/mrshirts/work/papers/SCALEMS/example_anthracene/scalems_optimizedg/anthracene/dhdls/at090.xvg
/Users/mrshirts/work/papers/SCALEMS/example_anthracene/scalems_optimizedg/anthracene/dhdls/at050.xvg
/Users/mrshirts/work/papers/SCALEMS/example_anthracene/scalems_optimizedg/anthracene/dhdls/at020.xvg
/Users/mrshirts/work/papers/SCALEMS/example_anthracene/scalems_optimizedg/anthracene/dhdls/at030.xvg
FE differences in units of Kb_T between each lambda window (TI):
           0.0        0.1       0.2  ...       0.8       0.9       1.0
0.0   0.000000   2.471508  4.936997  ...  8.592256  4.376287  2.992669
0.1  -2.471508   0.000000  2.465489  ...  6.120747  1.904778  0.521161
0.2  -4.936997  -2.465489  0.000000  ...  3.655258 -0.560711 -1.944328
0.3  -7.327930  -4.856422 -2.390933  ...  1.264325 -2.951644 -4.335261
0.4  -9.477872  -7.006364 -4.540875  ... -0.885617 -5.101586 -6.485203
0.5 -11.262588  -8.791080 -6.325590  ... -2.670332 -6.886301 -8.269919
0.6 -12.773668 -10.302160 -7.836670  ... -4.181412 -8.397381 -9.780999
0.7 -12.388316  -9.916808 -7.451318  ... -3.796060 -8.012029 -9.395647
0.8  -8.592256  -6.120747 -3.655258  ...  0.000000 -4.215969 -5.599586
0.9  -4.376287  -1.904778  0.560711  ...  4.215969  0.000000 -1.383617
1.0  -2.992669  -0.521161  1.944328  ...  5.599586  1.383617  0.000000

[11 rows x 11 columns]

Endpoint differences (TI)
2.992669187455768

TI error
          0.0       0.1       0.2  ...       0.8       0.9       1.0
0.0  0.000000  0.066711  0.103657  ...  0.800186  1.007558  1.031250
0.1  0.066711  0.000000  0.053982  ...  0.795278  1.003664  1.027446
0.2  0.103657  0.053982  0.000000  ...  0.791900  1.000989  1.024834
0.3  0.133308  0.099701  0.067663  ...  0.784741  0.995336  1.019312
0.4  0.189151  0.167175  0.150285  ...  0.767223  0.981583  1.005888
0.5  0.256807  0.241079  0.229690  ...  0.749447  0.967752  0.992395
0.6  0.307540  0.294534  0.285286  ...  0.725597  0.949402  0.974509
0.7  0.471873  0.463501  0.457680  ...  0.468135  0.770730  0.801454
0.8  0.800186  0.795278  0.791900  ...  0.000000  0.367503  0.428209
0.9  1.007558  1.003664  1.000989  ...  0.367503  0.000000  0.134171
1.0  1.031250  1.027446  1.024834  ...  0.428209  0.134171  0.000000

[11 rows x 11 columns]

TI error endpoint difference
1.0312500106035212
FE differences in units of Kb_T between each lambda window (MBAR):
          0.00      0.01      0.02  ...      0.98      0.99      1.00
0.00  0.000000  0.257304  0.510313  ...  0.834147  0.803069  0.798565
0.01 -0.257304  0.000000  0.253009  ...  0.576843  0.545765  0.541261
0.02 -0.510313 -0.253009  0.000000  ...  0.323833  0.292756  0.288252
0.03 -0.758760 -0.501456 -0.248446  ...  0.075387  0.044309  0.039805
0.04 -1.002464 -0.745160 -0.492150  ... -0.168317 -0.199395 -0.203899
...        ...       ...       ...  ...       ...       ...       ...
0.96 -0.978746 -0.721442 -0.468432  ... -0.144599 -0.175677 -0.180181
0.97 -0.892491 -0.635187 -0.382178  ... -0.058344 -0.089422 -0.093926
0.98 -0.834147 -0.576843 -0.323833  ...  0.000000 -0.031078 -0.035582
0.99 -0.803069 -0.545765 -0.292756  ...  0.031078  0.000000 -0.004504
1.00 -0.798565 -0.541261 -0.288252  ...  0.035582  0.004504  0.000000

[101 rows x 101 columns]

Endpoint differences (MBAR)
0.7985649945001807

MBAR error
          0.00      0.01      0.02  ...      0.98      0.99      1.00
0.00  0.000000  0.022256  0.044970  ...  1.163738  1.164094  1.164423
0.01  0.022256  0.000000  0.022760  ...  1.157573  1.157931  1.158261
0.02  0.044970  0.022760  0.000000  ...  1.151240  1.151599  1.151932
0.03  0.068073  0.045957  0.023244  ...  1.144774  1.145135  1.145469
0.04  0.091468  0.069491  0.046872  ...  1.138224  1.138588  1.138924
...        ...       ...       ...  ...       ...       ...       ...
0.96  1.162930  1.156761  1.150423  ...  0.009581  0.013923  0.017997
0.97  1.163352  1.157185  1.150849  ...  0.004639  0.008992  0.013083
0.98  1.163738  1.157573  1.151240  ...  0.000000  0.004359  0.008459
0.99  1.164094  1.157931  1.151599  ...  0.004359  0.000000  0.004105
1.00  1.164423  1.158261  1.151932  ...  0.008459  0.004105  0.000000

[101 rows x 101 columns]

MBAR error endpoint difference
1.1644228819737634
